30 90
1 16 34 41 50 77
2 90
3 9 14 24 37 40 44 47 56 58 59 64 65 66 67 71 81 83 85 87 89
4 4 23 29 38 43 48 49 52 69 74 83 86
5 81 85
6 35 84
7 11 28 36 39 41
8 36 75
9 40 56 64 69 76 77 
10 18 73
11 8 15 21 22 30 40 51 56 62 63 64 68 73 76 81 85
12 79 86
13 80 82
14 55 59 65 67 70 71 77 87 88 89 90
15 78 81 83 85 86 88
16 59 62 65 83 84 86 89
17 15 21 22 40 51 56 63 64 67 68 73 76 77 79 87 88 90 
18 26
19 8 9 15 21 22 40 51 62 65 68 73 76 77 88 89 90
20 2 17 35 42 48 55 63 77 78 79 84 87 88 90
21 8 21 22 40 52 56 64 69 73 76 78 79 86 87 88 89 90
22 8 9 15 20 21 22 30 33 74 81 83 85
23 27 60
24 8 15 21 22 40 65 76 77 79 80 82 89 90 
25 10 11 19 28 36 41 49 55 61 81 83 85
26 2 3 4 5 6 7 9 11 13 19 25 27 29 31 36 37 41 42 43 46 49 50 54 55 58 60 63 66 69 72 75 78 79 84 90
27 5 11 12 13 28 31 36 41 46 49 54 61 72 84
28 1 9 11 13 16 25 27 29 31 33 41 43 54 57 60 65 69 70 71 72 74 79 84 86
29 14 27 32 47 53 55 57 66 80 82
30 8 9 21 22 45 48 52 67 70 71 79 81 82 85