37 53
1 26 27 28 29 30 31 32 33 34 35 36 37 38 39 
2 4 11 17 18 20 21 23 42
3 2 4 6 9 14 16 17 18 20 23 25 26 27 28 31 32 33 35 36 37 38 53
4 1 2 3 5 6 8 9 14 16 18 24 25 26 27 28 29 30 31 32 33 34 35 36 37 38 39 40 43 44 46 47 48 49 50 51 52 53
5 4 7 11 13 15 17 18 19 20 21 23
6 1 2 3 4 6 14 16 17 18 20 23 28 33 36 38
7 2 6 14 16 17 18 26 27 28 30 31 32 33 35 36 37 38
8 1 2 3 4 5 6 7 8 9 10 11 12 13 14 15 16 17 18 19 20 21 22 23 24 25 26 27 28 29 30 31 32 33 34 35 36 37 38 39 41 42 43 44 45 46 47 48 49 50 51 52 53
9 1 2 24 25 26 27 28 30 31 32 33 35 36 37 38 43 51
10 1 2 3 5 6 8 9 12 24 25 26 27 28 29 30 31 32 33 34 35 36 37 38 39 40 43 45 46 47 48 49 50 51 52 53
11 1 2 3 4 5 6 7 8 9 10 11 12 13 14 15 16 17 18 19 20 21 22 23 24 25 26 27 28 29 30 31 32 33 34 35 36 37 38 39 40 41 42 43 44 45 46 47 48 49 50 51 52 53
12 40 46 49 50 
13 2 4 6 10 11 13 14 15 16 17 18 19 20 21 23 25 41 42 44
14 1 2 3 4 5 6 7 8 9 10 11 12 13 14 15 16 17 18 19 20 21 22 23 24 25 26 27 28 29 30 31 32 33 34 35 36 37 38 39 40 41 42 43 44 45 46 47 48 49 50 51 52 53
15 1 2 3 4 6 7 8 9 10 11 12 13 14 15 16 17 18 19 20 21 22 23 24 25 41 42 43 44
16 1 2 6 11 14 15 16 17 18 24 25 28 33 36 37 38 43
17 1 2 3 4 5 6 7 8 9 10 11 12 13 14 15 16 17 18 19 20 21 22 23 24 25 26 27 28 29 30 31 32 33 34 35 36 37 38 39 40 41 42 43 44 45 46 47 48 49 50 51 52 53 
18 1 2 3 4 5 6 7 8 9 10 11 12 13 14 15 16 17 18 19 20 21 22 23 24 25 26 27 28 30 31 32 33 35 36 37 38 41 42 43 44 45 47 48 51 53
19 1 2 3 4 5 6 7 8 9 10 11 12 13 14 15 16 17 18 19 20 21 22 23 24 25 26 27 28 30 31 32 33 35 36 37 38 41 42 43 44 45 47 48 51 53
20 1 2 3 4 5 6 7 8 9 10 11 12 13 14 15 16 17 18 19 20 21 22 23 24 25 41 42 43 44 45
21 1 2 3 4 5 6 7 8 9 10 11 12 13 14 15 16 17 18 19 20 21 22 23 24 25 26 27 28 29 30 31 32 33 34 35 36 37 38 39 40 41 42 43 44 45 46 47 48 49 50 51 52 53  
22 26 27 28 29 30 31 32 33 34 35 36 37 38 39
23 1 2 3 4 5 6 7 8 9 10 11 12 13 14 15 16 17 18 19 20 21 22 23 24 25 41 42 43 44 45 46 47 48 49 50 51 52 53
24 26 27 28 29 30 31 32 33 34 35 36 37 38 39 40 46 49 50 53
25 2 6 14 16 18 28 33 35 36 37 38
26 1 2 3 4 5 6 7 8 9 10 11 12 13 14 15 16 17 18 19 20 21 22 23 24 25 26 27 28 29 30 31 32 33 34 35 36 37 38 39 40 41 42 43 44 45 46 47 48 49 50 51 52 53
27 1 2 24 25 26 27 28 29 30 31 32 33 34 35 36 37 38 39 40 43 46 49 50 51 53
28 2 6 14 16 18 26 27 28 29 30 31 32 33 34 35 36 37 38 39 40 46 49 50 51 53
29 2 6 14 16 18 28 33 36 38 
30 1 2 3 5 6 8 9 24 25 26 27 28 29 30 31 32 34 35 36 37 39 40 43 46 47 48 49 50 52 53
31 1 2 3 4 5 6 7 8 9 10 11 12 13 14 15 16 17 18 19 20 21 22 23 24 25 40 41 42 43 44 45 46 47 48 49 50 51 52 53
32 1 24 26 27 28 29 30 31 32 33 34 35 36 37 38 39 40 43 46 49 50 53
33 2 3 4 6 7 10 11 12 13 14 15 16 17 18 19 20 21 22 23 24 26 41 42 44 45
34 4 17 18 20 23 
35 2 3 4 7 10 11 13 14 15 16 17 18 19 20 21 22 23 42 44 45
36 1 2 24 25 
37 4 11 15 17 18 20 21 23 41 42